mutation,epitope
S371L,35
S373P,34
N211,34
S375F,33
VYY143,32
G142D,31
T478K,31
S477N,31
G446S,29
N440K,28
L212I,28
N969K,27
N764K,26
214EPE,20
E484A,19
L981F,14
Q493K,13
G496S,13
A67V,13
Q498R,13
T547K,12
Y505H,12
HV69,12
Q954H,11
G339D,11
P681H,10
N501Y,10
T95I,10
N679K,10
K417N,8
H655Y,8
N856K,5
D796Y,5
D614G,5
